5.311409487319857653e-03 6.310823511956458257e-03 2.509985663154021447e-03 -2.885315045419316153e-03
3.323944313651257254e-02 -8.761590645612578408e-05 -3.527856949066682777e-04 -1.253700683459069024e-03
-6.924979827141759109e-04 -3.089617371955169370e-05 -1.794495188816543952e-04 9.304012566674768614e-02
-8.910265604658453411e-04 3.534578836778825509e-03 -7.053076016958345022e-04 5.388773929148030911e-02
1.251377995756857049e-02 3.816263485042868252e-04 -1.897084419559065440e-04 4.876936301383555383e-02
1.060813619492044675e-02 6.759947168952007207e-04 5.950953995074834135e-02 -1.279535127953651845e-03
3.112098834194183122e-03 1.196467579020309424e-01 -1.091219066998701199e-04 -2.746403334206967998e-04
1.033841707300727358e-01 -2.161048075397675890e-04 4.366316272249002879e-05 -2.542692187347201705e-04
6.780872293376856571e-05 -1.299331846227852309e-04 -2.090503211147814522e-04 8.787048297190015733e-02
1.913939710268387773e-02 -8.365665201278874421e-04 6.194651759362846712e-03 2.474720482798764207e-03
4.166037664987930211e-02 5.018448950445680715e-04 1.155847292636673270e-04 9.271063982093449493e-03
-9.327907801231383623e-04 4.423904079480345947e-02 1.334164876571680876e-02 -4.580248956815158442e-04
8.466026145455664287e-02 2.521901712143579679e-04 1.920790977179470443e-05 -3.233108764701172338e-04
9.840791767719146710e-02 -1.895246739901686314e-04 3.394308305664195765e-05 -1.295184225039352284e-04
1.483914640167484367e-02 -5.297422788348497792e-04 -2.072182828040752822e-03 1.808083046826680293e-02
7.453042714478780827e-03 2.172001564709360826e-04 2.586437966118638326e-02 -2.213109038479018579e-03
