3.520764424843807472e-01 3.006247703050349274e-01 1.572951120911429690e-01 1.900036751194413842e-01
6.346931275266446404e-01 1.065784638000735057e-01 1.043733921352443944e-01 1.543550165380374872e-01
4.079382579933847619e-02 4.630650496141124756e-02 1.727306137449467066e-02 8.956266078647555640e-01
6.541712605659684432e-02 2.249173098125689108e-01 2.058066887173833071e-02 6.890848952590958865e-01
2.859242925395075186e-01 1.984564498346196373e-02 8.452774715178242720e-03 6.857772877618522056e-01
2.778390297684674715e-01 9.665564130834251866e-02 5.997794928335170583e-01 2.572583608967291338e-02
1.084160235207644180e-01 8.809261300992282662e-01 2.572583608967291338e-03 8.085262771040059235e-03
9.764792355751561459e-01 9.922822491730981867e-03 5.512679162072767029e-03 8.085262771040059235e-03
7.938257993384785494e-02 1.653803748621830369e-02 6.982726938625505309e-03 8.970966556413083604e-01
4.773980154355016436e-01 7.938257993384785494e-02 2.469680264608599685e-01 1.962513781697905191e-01
6.442484380742373729e-01 2.903344358691657343e-02 9.555310547592796647e-03 3.171628077912532206e-01
6.945975744211686786e-02 4.737228959941198192e-01 3.167952958471150215e-01 1.400220507166482775e-01
8.923190003675119941e-01 1.249540610069827321e-02 3.675119441381844831e-03 9.151047409040793945e-02
9.639838294744579317e-01 1.029033443586916535e-02 1.984564498346196373e-02 5.880191106210952250e-03
5.255420801176038381e-01 3.895626607864755703e-02 5.696435134141859813e-02 3.785373024623300275e-01
3.866225652333700746e-01 7.092980521866960875e-02 4.421168687982359180e-01 1.003307607497243709e-01
