1.845730027548209418e-01 5.840220385674931292e-01 7.162534435261708188e-02 1.597796143250688750e-01
8.595041322314049825e-01 4.132231404958677801e-02 3.305785123966942241e-02 6.611570247933884481e-02
1.101928374655647414e-02 3.305785123966942241e-02 8.264462809917355601e-03 9.476584022038567756e-01
4.683195592286501507e-02 7.052341597796143446e-01 1.101928374655647414e-02 2.369146005509641939e-01
4.958677685950413361e-02 1.101928374655647414e-02 2.754820936639118534e-03 9.366391184573003015e-01
3.581267217630854094e-01 2.203856749311294827e-02 6.170798898071625516e-01 2.754820936639118534e-03
3.581267217630854094e-02 9.586776859504132497e-01 0.000000000000000000e+00 5.509641873278237068e-03
9.889807162534435259e-01 8.264462809917355601e-03 0.000000000000000000e+00 2.754820936639118534e-03
4.132231404958677801e-02 5.509641873278237068e-03 0.000000000000000000e+00 9.531680440771349572e-01
6.776859504132231038e-01 5.234159779614325214e-02 2.396694214876033124e-01 3.030303030303030387e-02
9.724517906336088702e-01 2.754820936639118534e-03 2.754820936639118534e-03 2.203856749311294827e-02
1.928374655647382974e-02 4.600550964187327674e-01 1.570247933884297564e-01 3.636363636363636465e-01
9.834710743801653443e-01 2.754820936639118534e-03 0.000000000000000000e+00 1.377410468319559267e-02
9.366391184573003015e-01 1.928374655647382974e-02 3.581267217630854094e-02 8.264462809917355601e-03
5.592286501377410346e-01 3.030303030303030387e-02 2.314049586776859568e-01 1.790633608815427047e-01
5.950413223140496033e-01 9.917355371900826722e-02 2.203856749311294827e-01 8.539944903581267455e-02
