3.442211055276381826e-01 2.311557788944723635e-01 1.821608040201005141e-01 2.424623115577889398e-01
4.535175879396984855e-01 1.633165829145728776e-01 1.381909547738693345e-01 2.449748743718593025e-01
7.788944723618090871e-02 8.040201005025125747e-02 4.522613065326633319e-02 7.964824120603014590e-01
1.055276381909547728e-01 2.198492462311557871e-01 3.894472361809045435e-02 6.356783919597990273e-01
3.027638190954773934e-01 3.768844221105527303e-02 2.261306532663316660e-02 6.369346733668341809e-01
2.939698492462311519e-01 1.582914572864321523e-01 5.012562814070351536e-01 4.648241206030150757e-02
2.211055276381909684e-01 7.562814070351758788e-01 7.537688442211054954e-03 1.507537688442210991e-02
9.560301507537688481e-01 2.010050251256281437e-02 3.768844221105527477e-03 2.010050251256281437e-02
1.532663316582914548e-01 1.381909547738693553e-02 1.130653266331658330e-02 8.216080402010049744e-01
4.283919597989949701e-01 1.105527638190954842e-01 3.706030150753769070e-01 9.045226130653266639e-02
9.849246231155779352e-01 1.256281407035175898e-03 1.256281407035175898e-03 1.256281407035175941e-02
0.000000000000000000e+00 9.258793969849246075e-01 2.889447236180904544e-02 4.522613065326633319e-02
9.912060301507538140e-01 0.000000000000000000e+00 0.000000000000000000e+00 8.793969849246231069e-03
9.861809045226130888e-01 1.256281407035175898e-03 1.130653266331658330e-02 1.256281407035175898e-03
4.786432160804020008e-01 2.512562814070351883e-02 1.884422110552763652e-02 4.773869346733668473e-01
3.216080402010050299e-01 3.768844221105527303e-02 5.402010050251255802e-01 1.005025125628140753e-01
