4.290540540540540571e-01 1.790540540540540571e-01 1.722972972972972860e-01 2.195945945945945998e-01
5.810810810810810301e-01 1.081081081081081141e-01 1.452702702702702575e-01 1.655405405405405428e-01
9.459459459459459985e-02 2.027027027027027140e-02 0.000000000000000000e+00 8.851351351351350871e-01
5.743243243243243562e-02 1.520270270270270285e-01 1.013513513513513570e-02 7.804054054054053724e-01
1.351351351351351426e-01 2.702702702702702853e-02 0.000000000000000000e+00 8.378378378378378288e-01
6.891891891891891442e-01 2.195945945945945998e-01 6.418918918918918581e-02 2.702702702702702853e-02
8.108108108108108558e-02 9.087837837837837718e-01 3.378378378378378566e-03 6.756756756756757132e-03
9.932432432432432012e-01 0.000000000000000000e+00 3.378378378378378566e-03 3.378378378378378566e-03
7.432432432432432845e-02 4.729729729729729992e-02 6.756756756756757132e-03 8.716216216216216006e-01
2.837837837837837718e-01 1.317567567567567433e-01 2.398648648648648574e-01 3.445945945945945721e-01
3.108108108108108003e-01 2.364864864864864996e-02 3.378378378378378566e-03 6.621621621621621712e-01
6.756756756756757132e-02 3.445945945945945721e-01 5.000000000000000000e-01 8.783783783783784271e-02
9.425675675675675436e-01 6.756756756756757132e-03 3.378378378378378566e-03 4.729729729729729992e-02
9.695945945945946276e-01 3.378378378378378566e-03 2.702702702702702853e-02 0.000000000000000000e+00
6.216216216216216006e-01 2.364864864864864996e-02 4.391891891891892136e-02 3.108108108108108003e-01
3.378378378378378288e-01 2.702702702702702853e-02 5.979729729729730270e-01 3.716216216216216423e-02
