3.648648648648648574e-01 3.873873873873873719e-01 1.261261261261261146e-01 1.216216216216216284e-01
7.522522522522522292e-01 6.531531531531531432e-02 4.504504504504504292e-02 1.373873873873873996e-01
0.000000000000000000e+00 4.504504504504504465e-03 2.252252252252252233e-03 9.932432432432432012e-01
5.855855855855855718e-02 1.283783783783783716e-01 2.252252252252252233e-03 8.108108108108108558e-01
9.639639639639639990e-01 6.756756756756757132e-03 0.000000000000000000e+00 2.927927927927927859e-02
3.671171171171171421e-01 9.459459459459459985e-02 4.932432432432432567e-01 4.504504504504504292e-02
2.252252252252252146e-02 9.752252252252252562e-01 0.000000000000000000e+00 2.252252252252252233e-03
1.000000000000000000e+00 0.000000000000000000e+00 0.000000000000000000e+00 0.000000000000000000e+00
5.180180180180180005e-02 1.576576576576576433e-02 6.756756756756757132e-03 9.256756756756756577e-01
3.581081081081081141e-01 6.306306306306305731e-02 2.409909909909909997e-01 3.378378378378378288e-01
4.481981981981981722e-01 1.171171171171171144e-01 2.477477477477477499e-02 4.099099099099098864e-01
2.297297297297297425e-01 1.216216216216216284e-01 4.864864864864865135e-01 1.621621621621621712e-01
9.121621621621621712e-01 2.252252252252252146e-02 1.126126126126126073e-02 5.405405405405405705e-02
9.549549549549549710e-01 1.576576576576576433e-02 2.252252252252252146e-02 6.756756756756757132e-03
3.626126126126126281e-01 9.234234234234234284e-02 2.252252252252252146e-02 5.225225225225225145e-01
3.896396396396396566e-01 5.405405405405405705e-02 4.324324324324324564e-01 1.238738738738738715e-01
