2.840531561461793753e-01 3.122923588039867027e-01 2.093023255813953598e-01 1.943521594684385345e-01
5.730897009966777755e-01 1.295681063122923471e-01 1.528239202657807327e-01 1.445182724252491724e-01
2.657807308970099730e-02 6.146179401993355496e-02 1.162790697674418589e-02 9.003322259136212757e-01
5.647840531561462013e-02 1.112956810631229171e-01 2.657807308970099730e-02 8.056478405315614655e-01
6.312292358803986425e-02 1.162790697674418589e-02 4.983388704318936560e-03 9.202657807308970428e-01
3.322259136212624836e-02 2.657807308970099730e-02 9.335548172757475172e-01 6.644518272425249325e-03
1.112956810631229171e-01 8.803986710963455087e-01 0.000000000000000000e+00 8.305647840531562090e-03
9.667774086378737586e-01 1.162790697674418589e-02 1.495016611295681142e-02 6.644518272425249325e-03
4.983388704318936907e-02 1.495016611295681142e-02 8.305647840531562090e-03 9.269102990033222245e-01
4.651162790697674354e-01 6.810631229235880602e-02 1.445182724252491724e-01 3.222591362126245862e-01
1.993355481727574763e-01 2.823920265780731007e-02 1.661129568106312418e-02 7.558139534883721034e-01
8.637873754152823602e-02 2.807308970099667844e-01 4.534883720930232287e-01 1.794019933554817370e-01
9.551495016611295519e-01 1.328903654485049865e-02 1.661129568106312331e-03 2.990033222591362283e-02
9.584717607973421982e-01 1.661129568106312418e-02 1.661129568106312418e-02 8.305647840531562090e-03
5.182724252491693884e-01 3.654485049833887389e-02 3.820598006644518319e-02 4.069767441860465129e-01
3.388704318936877069e-01 5.481727574750830390e-02 4.966777408637873537e-01 1.096345514950166078e-01
