7.136363636363636243e-01 4.090909090909090884e-02 1.090909090909090856e-01 1.363636363636363535e-01
9.227272727272727293e-01 2.727272727272727140e-02 3.181818181818181490e-02 1.818181818181818094e-02
4.545454545454545234e-03 2.272727272727272790e-02 0.000000000000000000e+00 9.727272727272727737e-01
0.000000000000000000e+00 5.454545454545454281e-02 4.545454545454545234e-03 9.409090909090909172e-01
5.909090909090908977e-02 9.090909090909090468e-03 4.545454545454545234e-03 9.272727272727272485e-01
2.272727272727272790e-02 2.727272727272727140e-02 9.499999999999999556e-01 0.000000000000000000e+00
2.272727272727272790e-02 9.772727272727272929e-01 0.000000000000000000e+00 0.000000000000000000e+00
9.863636363636363313e-01 4.545454545454545234e-03 9.090909090909090468e-03 0.000000000000000000e+00
1.818181818181818094e-02 9.090909090909090468e-03 0.000000000000000000e+00 9.727272727272727737e-01
8.590909090909091272e-01 4.545454545454545234e-03 1.136363636363636326e-01 2.272727272727272790e-02
9.318181818181817677e-01 4.545454545454545234e-03 9.090909090909090468e-03 5.454545454545454281e-02
3.636363636363636187e-02 2.727272727272727071e-01 6.590909090909090606e-01 3.181818181818181490e-02
1.045454545454545386e-01 5.909090909090908977e-02 1.363636363636363570e-02 8.227272727272727515e-01
9.545454545454545858e-01 9.090909090909090468e-03 1.818181818181818094e-02 1.818181818181818094e-02
8.590909090909091272e-01 2.272727272727272790e-02 4.545454545454545581e-02 7.272727272727272374e-02
4.681818181818181990e-01 2.818181818181818010e-01 1.136363636363636326e-01 1.363636363636363535e-01
