3.201749589939857921e-01 4.778567523236741665e-02 5.800984144341170268e-01 5.194095133952979920e-02
9.786768726079825287e-02 7.591033351558228448e-01 3.280481137233461075e-02 1.102241662110442916e-01
5.609622744669218175e-02 7.180973209404045710e-01 1.224712957900492109e-02 2.135593220338982967e-01
6.370694368507381355e-01 3.498086386003280701e-01 8.091853471842536810e-03 5.030071077091306971e-03
8.747949699289229043e-04 9.983597594313832202e-01 0.000000000000000000e+00 7.654455986878075683e-04
6.199015855658830398e-01 0.000000000000000000e+00 3.070530344450519422e-01 7.304537998906505958e-02
1.093493712411153630e-04 9.994532531437944067e-01 1.093493712411153630e-04 3.280481137233461162e-04
0.000000000000000000e+00 9.997813012575177405e-01 0.000000000000000000e+00 2.186987424822307261e-04
5.467468562055767881e-04 9.650082012028430301e-01 0.000000000000000000e+00 3.444505194095134198e-02
4.022963367960634140e-01 1.103335155822854075e-01 6.047020229633679606e-02 4.268999453253143894e-01
