7.223980636752933004e-02 4.474027183019921861e-01 2.346862781604915349e-01 2.456711971699869768e-01
7.633587786259542207e-02 5.125674920871345908e-01 5.092161608638987036e-02 3.601750139638800752e-01
4.606218581269782009e-01 3.444423757214671450e-02 2.532116924222677437e-02 4.796127350586483207e-01
5.213181902811394111e-03 3.183764662074101831e-02 1.796685905790355517e-02 9.449823124185440237e-01
3.239620182461366849e-02 3.072053621299571623e-03 1.638428598026438199e-02 9.481474585738224325e-01
8.694842673617575457e-02 2.778812139266430559e-01 5.609756097560976151e-01 7.419474958108360219e-02
3.176317259355799782e-01 8.378328058089740474e-03 1.787376652392478130e-02 6.561161794824055260e-01
2.307763917333829906e-01 2.197914727238875487e-01 1.405697263079501158e-01 4.088624092347793448e-01
9.056041705455222246e-01 7.633587786259541687e-03 3.490970024204059080e-02 5.185254142617762296e-02
1.461552783466765933e-02 2.885868553342022143e-03 5.120089368832619371e-03 9.773785142431576922e-01
1.089182647551666279e-02 6.516477378514243073e-03 8.507726680320237822e-01 1.318190281139452746e-01
2.224911562092720188e-02 6.698938745112641424e-01 9.607149506609570511e-02 2.117855148017128986e-01
6.563954570843418823e-01 3.891267920312790896e-02 1.638428598026438199e-02 2.883075777322658961e-01
6.597467883075777140e-01 4.943213554272947452e-02 1.713833550549246076e-01 1.194377210947682039e-01
8.370880655371438772e-01 3.760938372742506086e-02 6.516477378514243246e-02 6.013777695028858783e-02
2.363619437721094785e-01 1.454105380748463849e-01 1.410351889778439782e-01 4.771923291752001584e-01
