5.131906421105026928e-01 1.637630662020905792e-01 1.647585863613738044e-01 1.582877053260328404e-01
2.200099552015928328e-01 2.369337979094076618e-01 1.637630662020905792e-01 3.792931806869089262e-01
1.587854654056744530e-01 2.891986062717770145e-01 3.265306122448979331e-01 2.254853160776505716e-01
3.031358885017421678e-01 1.752115480338476972e-01 3.374813339970134662e-01 1.841712294673967243e-01
1.304131408661025338e-01 3.897461423593827634e-01 2.956694873071179508e-01 1.841712294673967243e-01
5.226480836236933880e-02 1.762070681931309224e-01 3.200597312095569968e-01 4.514683922349427836e-01
1.095072175211548107e-02 8.407167745146839621e-01 5.276256844201095142e-02 9.556993529118965047e-02
7.466401194624191009e-03 3.728222996515679344e-01 2.488800398208063525e-03 6.172224987555997577e-01
6.645097063215530397e-01 0.000000000000000000e+00 4.977600796416127267e-04 3.349925335988053754e-01
0.000000000000000000e+00 9.955201592832254535e-04 0.000000000000000000e+00 9.990044798407167193e-01
1.493280238924838289e-03 0.000000000000000000e+00 0.000000000000000000e+00 9.985067197610751899e-01
6.470881035340965773e-03 4.977600796416127051e-03 9.880537580886012972e-01 4.977600796416127267e-04
8.461921353907416246e-03 4.977600796416127267e-04 0.000000000000000000e+00 9.910403185664509174e-01
3.384768541562966498e-02 2.215032354405176707e-01 3.982080637132901640e-02 7.048282727725236896e-01
8.860129417620707382e-02 7.043305126928820492e-01 6.769537083125932997e-02 1.393728222996515609e-01
1.796913887506222107e-01 2.234942757590841211e-01 8.163265306122448328e-02 5.151816824290691432e-01
