4.136526073645161762e-03 2.357636655272336585e-03 8.979816812771807813e-04 -3.763009688007444873e-05
1.505142746160740251e-02 1.456282695685527510e-04 -1.123167767895167025e-04 2.317627065826480444e-04
-2.275226548179440031e-04 7.687580080408534116e-05 -1.534566421577316687e-04 3.914208002216833931e-02
4.800128921589483732e-04 8.408635153852125508e-04 -4.152800508859002789e-04 2.248596690004597137e-02
4.924240576231276971e-03 3.165399544976935163e-04 -1.646127245911322280e-04 2.158509142197556283e-02
5.205348596997863737e-03 3.547217862377126927e-04 2.619180719158728868e-02 -6.507265834274155543e-04
8.110809694953759544e-03 5.566702783138117311e-02 -1.101455436506336763e-04 -1.998517340811967571e-04
6.309372762185709582e-02 -9.662265964591731373e-05 -5.725938779370134778e-05 -2.498772840602424164e-04
1.546274460743986192e-04 -2.151498358638402836e-04 -4.074597653594606936e-04 5.484032089709175994e-02
1.068817672680001662e-02 -7.805181156790448041e-04 2.381811791036297400e-03 2.556508091213877901e-03
3.043427510286032464e-02 4.186793427438655773e-05 -6.526935825460255310e-05 1.319686119776987410e-02
-4.085510174252997544e-04 1.997469142107718976e-02 1.174384859550380716e-02 1.172776889416901613e-03
5.589957980856750941e-02 1.447155361830524246e-04 -2.451382334966870088e-05 7.994276738025832968e-04
5.347730583974343727e-02 -3.579241981469800764e-04 -5.509170654798421947e-04 -8.299794923541351671e-05
7.064542930253100289e-03 -4.314479483090754761e-04 -7.699298535209473130e-04 1.852741837270380568e-02
8.363825634722632171e-03 -3.553953011052447906e-04 1.330430611886508456e-02 -7.938897871358668911e-04
