3.827615238897074113e-01 2.137444748474005562e-01 1.766996421805935580e-01 2.267943590822984745e-01
5.505156809092822678e-01 1.228162492106924797e-01 9.703220374657967051e-02 2.296358661334455820e-01
1.200799831614396962e-01 6.861713323510840179e-02 6.103978109871605745e-02 7.502631025047358238e-01
1.996421805935592597e-01 1.623868659229635858e-01 5.861923805514628744e-02 5.793517154283308601e-01
3.431909071774363329e-01 3.451904862134287655e-02 3.978109871605977482e-02 5.825089454851609672e-01
3.240370448326668207e-01 1.045043148810776701e-01 5.031572300568301070e-01 6.830141022942538831e-02
2.483687644706377706e-01 7.298463481372342576e-01 5.683014102294253918e-03 1.610187328983371871e-02
9.595874552725741635e-01 1.673331930119974914e-02 5.367291096611239570e-03 1.831193432961481654e-02
9.471690170490422445e-02 3.536097663649757916e-02 1.105030519890549436e-02 8.588718164596926830e-01
4.381182908861292469e-01 1.108187749947379536e-01 1.962744685329404215e-01 2.547884655861923919e-01
5.773521363923383998e-01 1.883813933908650914e-02 1.399705325194695871e-02 3.898126710166280873e-01
9.629551673331930572e-02 4.141233424542201669e-01 3.312986739633761446e-01 1.582824668490843967e-01
8.768680277836244930e-01 2.431067143759208654e-02 6.419701115554620439e-03 9.240159966322879226e-02
8.686592296358661702e-01 2.683645548305619785e-02 6.545990317827825311e-02 3.904441170279941004e-02
4.140181014523258152e-01 4.651652283729740961e-02 3.925489370658808569e-02 5.002104820037887034e-01
4.134918964428541122e-01 7.629972637339507702e-02 3.897074300147337356e-01 1.205009471690170475e-01
