4.168689320388349606e-01 1.765776699029126262e-01 1.577669902912621491e-01 2.487864077669902918e-01
4.635922330097087540e-01 1.450242718446601853e-01 1.262135922330097082e-01 2.651699029126213802e-01
1.802184466019417508e-01 9.648058252427184345e-02 8.191747572815534506e-02 6.413834951456310884e-01
2.566747572815534228e-01 1.589805825242718573e-01 8.737864077669903196e-02 4.969660194174757017e-01
2.754854368932038722e-01 2.305825242718446619e-02 6.189320388349514590e-02 6.395631067961164984e-01
2.578883495145631310e-01 7.706310679611649839e-02 5.849514563106795739e-01 8.009708737864078276e-02
9.332524271844659935e-01 1.456310679611650533e-02 1.213592233009708719e-02 4.004854368932039138e-02
9.617718446601941640e-01 2.245145631067961209e-02 4.854368932038834530e-03 1.092233009708737899e-02
4.368932038834951598e-02 4.854368932038834530e-03 1.820388349514563166e-03 9.496359223300970820e-01
5.212378640776699212e-01 8.191747572815534506e-02 2.688106796116505048e-01 1.280339805825242705e-01
9.696601941747572395e-01 3.033980582524271798e-03 7.281553398058252663e-03 2.002427184466019569e-02
4.126213592233009958e-02 5.940533980582524132e-01 1.359223300970873738e-01 2.287621359223301065e-01
9.805825242718446688e-01 2.427184466019417265e-03 0.000000000000000000e+00 1.699029126213592172e-02
9.338592233009708199e-01 1.881067961165048402e-02 3.883495145631067624e-02 8.495145631067960862e-03
4.569174757281553312e-01 4.247572815533980778e-02 3.519417475728155165e-02 4.654126213592232886e-01
4.059466019417475868e-01 4.975728155339805697e-02 4.514563106796116720e-01 9.283980582524271885e-02
