1.212121212121212155e-01 4.242424242424242542e-01 0.000000000000000000e+00 4.545454545454545303e-01
9.393939393939394478e-01 0.000000000000000000e+00 3.030303030303030387e-02 3.030303030303030387e-02
0.000000000000000000e+00 0.000000000000000000e+00 0.000000000000000000e+00 1.000000000000000000e+00
2.424242424242424310e-01 1.212121212121212155e-01 4.545454545454545303e-01 1.818181818181818232e-01
1.000000000000000000e+00 0.000000000000000000e+00 0.000000000000000000e+00 0.000000000000000000e+00
6.060606060606060774e-02 1.515151515151515194e-01 3.030303030303030387e-02 7.575757575757575690e-01
6.060606060606060774e-02 9.090909090909090606e-01 0.000000000000000000e+00 3.030303030303030387e-02
1.000000000000000000e+00 0.000000000000000000e+00 0.000000000000000000e+00 0.000000000000000000e+00
3.030303030303030387e-02 3.030303030303030387e-02 0.000000000000000000e+00 9.393939393939394478e-01
6.060606060606060774e-02 6.969696969696970168e-01 3.030303030303030387e-02 2.121212121212121271e-01
0.000000000000000000e+00 0.000000000000000000e+00 0.000000000000000000e+00 1.000000000000000000e+00
0.000000000000000000e+00 1.000000000000000000e+00 0.000000000000000000e+00 0.000000000000000000e+00
9.393939393939394478e-01 3.030303030303030387e-02 0.000000000000000000e+00 3.030303030303030387e-02
1.000000000000000000e+00 0.000000000000000000e+00 0.000000000000000000e+00 0.000000000000000000e+00
3.030303030303030387e-02 3.030303030303030387e-02 0.000000000000000000e+00 9.393939393939394478e-01
9.393939393939394478e-01 0.000000000000000000e+00 0.000000000000000000e+00 6.060606060606060774e-02
