3.749408983451536503e-01 2.562647754137115652e-01 1.683215130023640593e-01 2.004728132387706974e-01
6.865248226950354526e-01 8.794326241134751976e-02 5.295508274231678497e-02 1.725768321513002357e-01
1.276595744680850998e-02 1.087470449172576840e-02 1.418439716312056833e-03 9.749408983451536281e-01
6.288416075650117565e-02 1.215130023640661888e-01 1.087470449172576840e-02 8.047281323877069070e-01
3.489361702127659615e-01 8.510638297872340566e-03 3.782505910165484455e-03 6.387706855791962512e-01
3.692671394799054152e-01 8.321513002364065714e-02 5.158392434988179343e-01 3.167848699763593096e-02
2.553191489361701996e-02 9.706855791962174518e-01 4.728132387706855569e-04 3.309692671394799061e-03
9.886524822695035297e-01 4.255319148936170283e-03 2.836879432624113666e-03 4.255319148936170283e-03
1.229314420803782476e-01 5.626477541371158186e-02 7.092198581560283516e-03 8.137115839243498350e-01
3.234042553191489588e-01 1.068557919621749425e-01 1.423167848699763705e-01 4.274231678486997699e-01
8.747044917257683350e-02 6.052009456264775128e-02 4.539007092198581866e-02 8.066193853427896521e-01
1.408983451536643117e-01 3.735224586288415916e-01 3.820330969267139443e-01 1.035460992907801386e-01
5.877068557919621350e-01 8.179669030732859836e-02 2.269503546099290933e-02 3.078014184397163122e-01
7.787234042553191626e-01 3.262411347517730348e-02 6.430260047281323443e-02 1.243498817966903064e-01
3.602836879432624317e-01 6.288416075650117565e-02 4.302600472813238736e-02 5.338061465721040122e-01
4.089834515366430057e-01 8.747044917257683350e-02 3.238770685579196451e-01 1.796690307328605296e-01
