4.160631994733376970e-01 2.238314680710994098e-01 1.270572745227123157e-01 2.330480579328505497e-01
5.786701777485188103e-01 1.224489795918367319e-01 7.768268597761684990e-02 2.211981566820276635e-01
1.909150757077024418e-02 1.053324555628703044e-02 3.949967083607636847e-03 9.664252797893351232e-01
1.244239631336405555e-01 2.027649769585253559e-01 3.028308097432521467e-02 6.425279789335088809e-01
3.818301514154048837e-01 1.777485187623436408e-02 9.874917709019092119e-03 5.905200789993416688e-01
3.772218564845292721e-01 1.435154707044107858e-01 4.318630678077682861e-01 4.739960500329164217e-02
9.216589861751152066e-03 9.848584595128373476e-01 0.000000000000000000e+00 5.924950625411455271e-03
9.795918367346938549e-01 7.899934167215273695e-03 3.949967083607636847e-03 8.558262014483212013e-03
1.053324555628703044e-02 1.316655694535878891e-02 6.583278472679394023e-04 9.756418696510862354e-01
5.141540487162606921e-01 1.217906517445687953e-01 2.297564186965108668e-01 1.342988808426596459e-01
9.842001316655694110e-01 2.633311389071757609e-03 3.291639236339697228e-03 9.874917709019092119e-03
1.645819618169848675e-01 3.739302172481895892e-01 2.007899934167215183e-01 2.606978275181039972e-01
9.315339038841342623e-01 1.119157340355497049e-02 4.608294930875576033e-03 5.266622778143515565e-02
7.636603028308097674e-01 7.768268597761684990e-02 1.125740618828176415e-01 4.608294930875576206e-02
4.219881500987491818e-01 9.216589861751152413e-02 8.689927583936800370e-02 3.989466754443712904e-01
3.969716919025674806e-01 7.307439104674127994e-02 3.765635286372613355e-01 1.533903884134298901e-01
