4.493284493284493419e-01 1.550671550671550714e-01 1.678876678876678741e-01 2.277167277167277126e-01
5.061050061050060833e-01 1.306471306471306548e-01 1.098901098901098883e-01 2.533577533577533458e-01
1.672771672771672657e-01 1.037851037851037911e-01 5.555555555555555247e-02 6.733821733821734323e-01
2.875457875457875234e-01 1.959706959706959684e-01 7.814407814407814401e-02 4.383394383394383365e-01
3.125763125763125760e-01 3.357753357753357620e-02 4.761904761904761640e-02 6.062271062271061828e-01
2.643467643467643513e-01 9.279609279609279948e-02 5.836385836385836745e-01 5.921855921855921634e-02
2.857142857142856984e-01 6.880341880341880323e-01 8.547008547008547868e-03 1.770451770451770407e-02
9.407814407814407698e-01 2.625152625152625194e-02 1.037851037851037807e-02 2.258852258852258807e-02
5.799755799755799968e-02 6.349206349206348854e-02 2.075702075702075614e-02 8.577533577533577036e-01
5.549450549450549719e-01 6.776556776556776074e-02 1.111111111111111049e-01 2.661782661782661763e-01
2.808302808302808387e-02 7.326007326007326001e-03 6.105006105006105001e-04 9.639804639804639974e-01
1.129426129426129438e-01 9.462759462759462448e-02 7.759462759462759651e-01 1.648351648351648394e-02
9.420024420024419864e-01 1.159951159951159994e-02 6.105006105006105001e-04 4.578754578754578447e-02
9.896214896214896584e-01 3.663003663003663000e-03 4.884004884004884001e-03 1.831501831501831500e-03
4.096459096459096338e-01 2.258852258852258807e-02 7.936507936507936067e-03 5.598290598290598385e-01
4.481074481074481253e-01 4.273504273504273587e-02 4.249084249084248976e-01 8.424908424908425508e-02
