1.643835616438356073e-01 3.904109589041095951e-01 1.027397260273972546e-01 3.424657534246575152e-01
5.753424657534246256e-01 7.534246575342465335e-02 6.849315068493150305e-02 2.808219178082191902e-01
3.424657534246575152e-02 5.479452054794520244e-02 6.849315068493150305e-03 9.041095890410958402e-01
1.164383561643835552e-01 4.109589041095890183e-02 2.739726027397260122e-02 8.150684931506849695e-01
3.835616438356164171e-01 1.027397260273972546e-01 2.054794520547945091e-01 3.082191780821917915e-01
2.602739726027397116e-01 8.904109589041095396e-02 1.369863013698630061e-01 5.136986301369863561e-01
4.109589041095890183e-02 8.835616438356164171e-01 2.054794520547945091e-02 5.479452054794520244e-02
9.315068493150684414e-01 6.849315068493150305e-03 0.000000000000000000e+00 6.164383561643835274e-02
6.849315068493150305e-03 0.000000000000000000e+00 6.849315068493150305e-03 9.863013698630136439e-01
3.424657534246575152e-02 2.054794520547945091e-02 1.712328767123287576e-01 7.739726027397260122e-01
2.397260273972602607e-01 1.712328767123287576e-01 8.904109589041095396e-02 5.000000000000000000e-01
3.972602739726027177e-01 5.479452054794520244e-02 8.219178082191780366e-02 4.657534246575342207e-01
8.424657534246575707e-01 4.109589041095890183e-02 1.369863013698630061e-02 1.027397260273972546e-01
9.383561643835616195e-01 1.369863013698630061e-02 6.849315068493150305e-03 4.109589041095890183e-02
1.369863013698630061e-01 8.904109589041095396e-02 4.109589041095890183e-02 7.328767123287671659e-01
3.287671232876712146e-01 4.794520547945205213e-02 3.493150684931506933e-01 2.739726027397260122e-01
