9.047619047619047394e-02 6.190476190476190688e-02 8.142857142857142794e-01 3.333333333333333287e-02
9.761904761904761640e-01 9.523809523809524669e-03 0.000000000000000000e+00 1.428571428571428527e-02
4.761904761904762334e-03 0.000000000000000000e+00 0.000000000000000000e+00 9.952380952380952550e-01
4.761904761904762334e-03 4.761904761904762334e-03 0.000000000000000000e+00 9.904761904761905100e-01
9.523809523809523281e-01 4.761904761904762334e-03 0.000000000000000000e+00 4.285714285714285754e-02
9.571428571428571841e-01 9.523809523809524669e-03 3.333333333333333287e-02 0.000000000000000000e+00
1.428571428571428527e-02 9.857142857142857650e-01 0.000000000000000000e+00 0.000000000000000000e+00
1.000000000000000000e+00 0.000000000000000000e+00 0.000000000000000000e+00 0.000000000000000000e+00
2.857142857142857054e-02 4.761904761904762334e-03 0.000000000000000000e+00 9.666666666666666741e-01
3.333333333333333287e-02 3.333333333333333287e-02 2.380952380952380820e-02 9.095238095238095122e-01
1.428571428571428527e-02 1.428571428571428527e-02 0.000000000000000000e+00 9.714285714285714191e-01
2.857142857142857054e-02 3.333333333333333287e-02 9.190476190476190022e-01 1.904761904761904934e-02
9.857142857142857650e-01 0.000000000000000000e+00 0.000000000000000000e+00 1.428571428571428527e-02
1.428571428571428527e-02 2.380952380952380820e-02 9.380952380952380931e-01 2.380952380952380820e-02
4.761904761904761640e-02 0.000000000000000000e+00 4.761904761904762334e-03 9.476190476190475831e-01
4.285714285714285754e-02 8.380952380952381153e-01 5.714285714285714107e-02 6.190476190476190688e-02
