1.209302325581395332e-01 6.558139534883721256e-01 1.302325581395348819e-01 9.302325581395348708e-02
1.534883720930232676e-01 8.837209302325581273e-02 8.837209302325581273e-02 6.697674418604651070e-01
1.720930232558139650e-01 5.581395348837209225e-02 6.930232558139535204e-01 7.906976744186046402e-02
6.976744186046511809e-01 7.906976744186046402e-02 9.767441860465116144e-02 1.255813953488372214e-01
7.209302325581394832e-01 6.046511627906976660e-02 8.372093023255813837e-02 1.348837209302325701e-01
6.976744186046511531e-02 8.372093023255813837e-02 7.906976744186046124e-01 5.581395348837209225e-02
8.604651162790697416e-01 1.069767441860465101e-01 4.651162790697674354e-03 2.790697674418604612e-02
9.348837209302325313e-01 2.790697674418604612e-02 9.302325581395348708e-03 2.790697674418604612e-02
4.651162790697674354e-02 1.395348837209302306e-02 1.860465116279069742e-02 9.209302325581395499e-01
1.116279069767441845e-01 6.465116279069766936e-01 1.395348837209302306e-01 1.023255813953488358e-01
9.953488372093023395e-01 0.000000000000000000e+00 0.000000000000000000e+00 4.651162790697674354e-03
0.000000000000000000e+00 9.162790697674418894e-01 1.860465116279069742e-02 6.511627906976744096e-02
1.000000000000000000e+00 0.000000000000000000e+00 0.000000000000000000e+00 0.000000000000000000e+00
9.906976744186046790e-01 0.000000000000000000e+00 4.651162790697674354e-03 4.651162790697674354e-03
9.023255813953487969e-01 4.651162790697674354e-03 0.000000000000000000e+00 9.302325581395348708e-02
8.232558139534883468e-01 0.000000000000000000e+00 1.627906976744186163e-01 1.395348837209302306e-02
