3.492063492063491870e-01 1.695526695526695660e-01 1.955266955266955209e-01 2.857142857142856984e-01
3.852813852813852802e-01 1.890331890331890252e-01 1.767676767676767680e-01 2.489177489177489266e-01
3.210678210678210576e-01 1.839826839826839699e-01 1.320346320346320323e-01 3.629148629148629124e-01
3.152958152958152960e-01 2.034632034632034570e-01 1.132756132756132794e-01 3.679653679653679399e-01
2.236652236652236780e-01 1.096681096681096645e-01 7.647907647907647988e-02 5.901875901875901498e-01
2.842712842712842858e-01 1.709956709956710064e-01 4.386724386724386582e-01 1.060606060606060635e-01
2.886002886002886000e-02 9.595959595959595578e-01 5.772005772005772001e-03 5.772005772005772001e-03
9.033189033189032990e-01 3.391053391053391181e-02 7.936507936507936067e-03 5.483405483405483227e-02
2.525252525252525207e-02 1.659451659451659580e-02 6.493506493506493935e-03 9.516594516594516495e-01
4.581529581529581452e-01 1.089466089466089443e-01 2.431457431457431373e-01 1.897546897546897593e-01
9.754689754689754855e-01 0.000000000000000000e+00 1.443001443001443000e-03 2.308802308802308800e-02
2.020202020202020374e-02 6.421356421356421151e-01 1.212121212121212155e-01 2.164502164502164483e-01
9.891774891774891554e-01 2.886002886002886000e-03 0.000000000000000000e+00 7.936507936507936067e-03
9.769119769119769536e-01 5.050505050505050934e-03 1.515151515151515194e-02 2.886002886002886000e-03
4.314574314574314839e-01 2.092352092352092394e-02 2.669552669552669594e-02 5.209235209235208997e-01
4.076479076479076480e-01 4.617604617604617601e-02 4.538239538239537962e-01 9.235209235209235201e-02
