3.992094861660079319e-01 2.529644268774703386e-01 1.660079051383399340e-01 1.818181818181818232e-01
7.391304347826086474e-01 6.719367588932806390e-02 4.347826086956521618e-02 1.501976284584980170e-01
9.881422924901185970e-03 3.952569169960474041e-03 3.952569169960474041e-03 9.822134387351778573e-01
7.114624505928854314e-02 1.185770750988142247e-01 1.778656126482213579e-02 7.924901185770750756e-01
3.853754940711462407e-01 9.881422924901185970e-03 1.581027667984189616e-02 5.889328063241107136e-01
3.913043478260869734e-01 8.300395256916996700e-02 4.861660079051383643e-01 3.952569169960474388e-02
4.347826086956521618e-02 9.328063241106719916e-01 1.185770750988142212e-02 1.185770750988142212e-02
9.782608695652174058e-01 7.905138339920948082e-03 1.976284584980237020e-03 1.185770750988142212e-02
7.885375494071146241e-01 1.126482213438735197e-01 7.509881422924900851e-02 2.371541501976284425e-02
4.249011857707509776e-01 1.343873517786561278e-01 3.675889328063240979e-01 7.312252964426876889e-02
9.802371541501976315e-01 3.952569169960474041e-03 5.928853754940711061e-03 9.881422924901185970e-03
2.766798418972332002e-02 5.335968379446640597e-01 2.667984189723320299e-01 1.719367588932806390e-01
9.683794466403161660e-01 1.976284584980237020e-03 5.928853754940711061e-03 2.371541501976284425e-02
9.169960474308300746e-01 2.964426877470355617e-02 4.545454545454545581e-02 7.905138339920948082e-03
5.079051383399209030e-01 3.359683794466403195e-02 6.521739130434782428e-02 3.932806324110671992e-01
3.952569169960474249e-01 4.940711462450592811e-02 4.584980237154150373e-01 9.683794466403161660e-02
